----------------------------------
Rule 1 is id+Bfbin, and the weight is 1

The threshold is 89
----------------------------------
linkage 			score
ID A(index)  ID B(index)

5782(0) <--> 5531(0) 		1.000
5782(0) <--> 27(38) 		0.710
6000(1) <--> 6000(2) 		0.727
6405(2) <--> 26(37) 		0.727
8532(5) <--> 77(88) 		0.706
8966(6) <--> 10171(3) 		0.703
8966(6) <--> 5(16) 		0.706
8966(6) <--> 27(38) 		0.710
8966(6) <--> 70(81) 		0.706
8966(6) <--> 82(93) 		0.737
9621(7) <--> 68(79) 		0.733
9771(8) <--> 12(23) 		0.703
9771(8) <--> 37(48) 		0.773
9771(8) <--> 74(85) 		0.850
9771(8) <--> 82(93) 		0.762
1(9) <--> 10171(3) 		0.703
1(9) <--> 29(40) 		0.706
2(10) <--> 1(12) 		1.000
2(10) <--> 37(48) 		0.703
3(11) <--> 10171(3) 		0.769
3(11) <--> 2(13) 		0.757
3(11) <--> 29(40) 		0.722
3(11) <--> 36(47) 		0.722
3(11) <--> 42(53) 		0.703
3(11) <--> 58(70) 		0.727
3(11) <--> 63(74) 		0.703
3(11) <--> 85(96) 		0.750
5(13) <--> 72(83) 		0.733
6(14) <--> 57(69) 		0.727
7(15) <--> 74(85) 		0.706
8(16) <--> 80(91) 		0.765
8(16) <--> 88(99) 		0.710
9(17) <--> 12951(9) 		0.703
9(17) <--> 5(16) 		0.706
9(17) <--> 26(37) 		0.743
11(19) <--> 6(17) 		0.706
15(23) <--> 11434(6) 		0.750
15(23) <--> 21(32) 		0.710
15(23) <--> 70(81) 		0.824
17(25) <--> 2(13) 		0.722
17(25) <--> 8(19) 		0.706
17(25) <--> 29(40) 		0.743
17(25) <--> 37(48) 		0.732
17(25) <--> 39(50) 		0.700
18(26) <--> 12951(9) 		0.769
18(26) <--> 2(13) 		0.703
18(26) <--> 37(48) 		0.810
18(26) <--> 46(58) 		0.703
18(26) <--> 54(66) 		0.703
20(28) <--> 12951(9) 		0.703
20(28) <--> 6(17) 		0.703
20(28) <--> 36(47) 		0.706
20(28) <--> 70(81) 		0.706
20(28) <--> 71(82) 		0.722
23(31) <--> 38(49) 		0.774
23(31) <--> 81(92) 		0.722
24(32) <--> 8(19) 		0.710
24(32) <--> 22(33) 		0.710
26(34) <--> 50(62) 		0.710
26(34) <--> 51(63) 		0.722
28(36) <--> 28(39) 		0.706
28(36) <--> 40(51) 		0.722
28(36) <--> 41(52) 		0.718
28(36) <--> 47(59) 		0.706
28(36) <--> 51(63) 		0.833
28(36) <--> 60(72) 		0.710
28(36) <--> 72(83) 		0.743
29(37) <--> 12951(9) 		0.718
29(37) <--> 13171(11) 		0.750
29(37) <--> 6(17) 		0.718
29(37) <--> 37(48) 		0.714
29(37) <--> 54(66) 		0.757
29(37) <--> 77(88) 		0.722
29(37) <--> 81(92) 		0.737
29(37) <--> 82(93) 		0.800
33(41) <--> 13(24) 		0.706
33(41) <--> 37(48) 		0.698
33(41) <--> 58(70) 		0.706
35(43) <--> 13171(11) 		0.698
35(43) <--> 2(13) 		0.700
35(43) <--> 10(21) 		0.703
35(43) <--> 24(35) 		0.743
35(43) <--> 30(41) 		0.700
35(43) <--> 37(48) 		0.756
35(43) <--> 46(58) 		0.750
35(43) <--> 49(61) 		0.703
35(43) <--> 81(92) 		0.732
35(43) <--> 82(93) 		0.744
36(44) <--> 57(69) 		0.778
37(45) <--> 38(49) 		0.714
37(45) <--> 49(61) 		0.759
37(45) <--> 64(75) 		0.733
38(46) <--> 70(81) 		0.706
39(47) <--> 16(27) 		0.706
39(47) <--> 57(69) 		0.743
40(48) <--> 61(73) 		0.733
42(50) <--> 62(57) 		0.727
42(50) <--> 56(68) 		0.750
43(51) <--> 18(29) 		0.706
43(51) <--> 82(93) 		0.718
44(52) <--> 8(19) 		0.710
47(55) <--> 16(27) 		0.706
48(56) <--> 4(15) 		0.733
48(56) <--> 39(50) 		0.703
53(57) <--> 64(75) 		0.750
53(57) <--> 82(93) 		0.703
49(58) <--> 36(47) 		0.727
50(59) <--> 3(14) 		0.774
51(60) <--> 26(37) 		0.706
52(61) <--> 10536(4) 		0.833
52(61) <--> 62(57) 		0.703
54(62) <--> 5782(1) 		0.722
54(62) <--> 10171(3) 		0.737
54(62) <--> 12951(9) 		0.789
54(62) <--> 26(37) 		0.722
54(62) <--> 39(50) 		0.750
55(63) <--> 7(18) 		0.714
55(63) <--> 51(63) 		0.706
56(64) <--> 37(48) 		0.703
58(66) <--> 15(26) 		0.710
58(66) <--> 77(88) 		0.706
59(67) <--> 2(13) 		0.703
59(67) <--> 16(27) 		0.703
59(67) <--> 37(48) 		0.714
59(67) <--> 42(53) 		0.703
59(67) <--> 72(83) 		0.722
60(68) <--> 10933(5) 		0.800
60(68) <--> 85(96) 		0.703
61(69) <--> 10536(4) 		0.757
61(69) <--> 13171(11) 		0.762
61(69) <--> 17(28) 		0.703
61(69) <--> 22(33) 		0.703
61(69) <--> 41(52) 		0.714
61(69) <--> 62(57) 		0.737
61(69) <--> 55(67) 		0.757
61(69) <--> 72(83) 		0.737
61(69) <--> 82(93) 		0.714
61(69) <--> 85(96) 		0.810
61(69) <--> 86(97) 		0.789
62(70) <--> 13171(11) 		0.737
62(70) <--> 37(48) 		0.700
62(70) <--> 41(52) 		0.737
62(70) <--> 67(78) 		0.727
62(70) <--> 75(86) 		0.706
63(71) <--> 21(32) 		0.710
63(71) <--> 82(93) 		0.737
64(72) <--> 29(40) 		0.706
64(72) <--> 82(93) 		0.737
65(73) <--> 82(93) 		0.703
67(75) <--> 5531(0) 		0.727
67(75) <--> 6(17) 		0.722
67(75) <--> 38(49) 		0.733
67(75) <--> 65(76) 		0.710
68(76) <--> 26(37) 		0.789
68(76) <--> 41(52) 		0.732
68(76) <--> 46(58) 		0.737
70(78) <--> 68(79) 		0.710
71(79) <--> 28(39) 		0.710
72(80) <--> 13171(11) 		0.737
72(80) <--> 6(17) 		0.703
72(80) <--> 16(27) 		0.800
72(80) <--> 45(56) 		0.706
73(81) <--> 37(48) 		0.810
73(81) <--> 39(50) 		0.780
75(83) <--> 10171(3) 		0.703
75(83) <--> 10933(5) 		0.710
75(83) <--> 88(99) 		0.710
77(85) <--> 12951(9) 		0.714
77(85) <--> 20(31) 		0.737
77(85) <--> 37(48) 		0.711
77(85) <--> 42(53) 		0.750
77(85) <--> 46(58) 		0.700
77(85) <--> 51(63) 		0.700
77(85) <--> 54(66) 		0.700
77(85) <--> 57(69) 		0.732
77(85) <--> 81(92) 		0.732
78(86) <--> 72(83) 		0.727
80(88) <--> 74(85) 		0.722
81(89) <--> 13171(11) 		0.700
81(89) <--> 2(13) 		0.703
81(89) <--> 62(57) 		0.722
81(89) <--> 54(66) 		0.757
82(90) <--> 5531(0) 		0.722
82(90) <--> 5782(1) 		0.757
82(90) <--> 19(30) 		0.727
82(90) <--> 41(52) 		0.700
82(90) <--> 86(97) 		0.722
84(92) <--> 85(96) 		0.750
85(93) <--> 10171(3) 		0.737
85(93) <--> 2(13) 		0.722
85(93) <--> 12(23) 		0.706
85(93) <--> 41(52) 		0.769
85(93) <--> 50(62) 		0.710
85(93) <--> 64(75) 		0.706
87(95) <--> 12951(9) 		0.700
87(95) <--> 37(48) 		0.744
87(95) <--> 66(77) 		0.750
87(95) <--> 80(91) 		0.703
88(96) <--> 33(44) 		0.727
88(96) <--> 46(58) 		0.703
88(96) <--> 63(74) 		0.757
89(97) <--> 54(66) 		0.710
91(99) <--> 1(12) 		1.000
91(99) <--> 37(48) 		0.703

The number of matches records: 204
-----------------------------------
