Matched by BF# 3
----------------------------------
Rule 1 is id+seed1_bloom+seed2_bloom+seed3_bloom, and the weight is 1

The threshold is 96
----------------------------------
linkage 			score
ID A(index)  ID B(index)

340(0) <--> 340(0) 		0.929
340(0) <--> 326(17) 		0.750
340(0) <--> 334(26) 		0.754
340(0) <--> 338(30) 		0.753
340(0) <--> 339(31) 		0.750
340(0) <--> 375(55) 		0.760
340(0) <--> 381(61) 		0.750
340(0) <--> 384(66) 		0.757
340(0) <--> 401(83) 		0.777
340(0) <--> 402(84) 		0.755
341(1) <--> 341(1) 		0.967
341(1) <--> 342(2) 		0.754
341(1) <--> 185(15) 		0.759
341(1) <--> 328(19) 		0.751
341(1) <--> 336(28) 		0.750
341(1) <--> 338(30) 		0.771
341(1) <--> 359(39) 		0.756
341(1) <--> 375(55) 		0.760
341(1) <--> 381(61) 		0.758
341(1) <--> 1721(63) 		0.759
341(1) <--> 386(68) 		0.758
341(1) <--> 394(76) 		0.773
341(1) <--> 396(78) 		0.781
341(1) <--> 399(81) 		0.778
342(2) <--> 341(1) 		0.772
342(2) <--> 342(2) 		0.970
342(2) <--> 326(17) 		0.765
342(2) <--> 363(43) 		0.756
342(2) <--> 364(44) 		0.771
342(2) <--> 375(55) 		0.756
342(2) <--> 376(56) 		0.758
342(2) <--> 379(59) 		0.756
342(2) <--> 383(65) 		0.757
342(2) <--> 386(68) 		0.752
342(2) <--> 387(69) 		0.756
342(2) <--> 396(78) 		0.769
342(2) <--> 405(87) 		0.755
342(2) <--> 412(98) 		0.750
343(3) <--> 341(1) 		0.758
343(3) <--> 342(2) 		0.752
343(3) <--> 343(3) 		1.000
343(3) <--> 347(7) 		0.769
343(3) <--> 348(8) 		0.762
343(3) <--> 349(9) 		0.803
343(3) <--> 718(13) 		0.776
343(3) <--> 327(18) 		0.755
343(3) <--> 328(19) 		0.756
343(3) <--> 12(23) 		0.770
343(3) <--> 336(28) 		0.753
343(3) <--> 338(30) 		0.759
343(3) <--> 353(33) 		0.759
343(3) <--> 356(36) 		0.752
343(3) <--> 359(39) 		0.769
343(3) <--> 362(42) 		0.756
343(3) <--> 367(47) 		0.753
343(3) <--> 377(57) 		0.799
343(3) <--> 379(59) 		0.758
343(3) <--> 1721(63) 		0.769
343(3) <--> 382(64) 		0.759
343(3) <--> 383(65) 		0.773
343(3) <--> 391(73) 		0.780
343(3) <--> 392(74) 		0.758
343(3) <--> 396(78) 		0.792
343(3) <--> 398(80) 		0.753
343(3) <--> 400(82) 		0.758
343(3) <--> 401(83) 		0.768
343(3) <--> 405(87) 		0.759
343(3) <--> 410(96) 		0.753
343(3) <--> 411(97) 		0.753
343(3) <--> 412(98) 		0.760
344(4) <--> 344(4) 		0.864
344(4) <--> 328(19) 		0.751
344(4) <--> 362(42) 		0.757
344(4) <--> 406(88) 		0.751
344(4) <--> 412(98) 		0.752
345(5) <--> 345(5) 		1.000
345(5) <--> 336(28) 		0.751
345(5) <--> 389(71) 		0.758
345(5) <--> 407(89) 		0.765
346(6) <--> 346(6) 		1.000
346(6) <--> 349(9) 		0.759
346(6) <--> 386(68) 		0.758
347(7) <--> 341(1) 		0.751
347(7) <--> 343(3) 		0.769
347(7) <--> 347(7) 		1.000
347(7) <--> 185(15) 		0.755
347(7) <--> 328(19) 		0.761
347(7) <--> 330(21) 		0.779
347(7) <--> 12(23) 		0.775
347(7) <--> 359(39) 		0.758
347(7) <--> 361(41) 		0.753
347(7) <--> 367(47) 		0.755
347(7) <--> 386(68) 		0.755
347(7) <--> 392(74) 		0.770
347(7) <--> 396(78) 		0.780
347(7) <--> 405(87) 		0.755
347(7) <--> 410(96) 		0.762
348(8) <--> 343(3) 		0.757
348(8) <--> 348(8) 		0.978
348(8) <--> 349(9) 		0.767
348(8) <--> 326(17) 		0.756
348(8) <--> 353(33) 		0.779
348(8) <--> 369(49) 		0.755
348(8) <--> 380(60) 		0.755
348(8) <--> 411(97) 		0.773
349(9) <--> 343(3) 		0.803
349(9) <--> 344(4) 		0.760
349(9) <--> 346(6) 		0.759
349(9) <--> 348(8) 		0.771
349(9) <--> 349(9) 		1.000
349(9) <--> 718(13) 		0.773
349(9) <--> 12(23) 		0.761
349(9) <--> 336(28) 		0.752
349(9) <--> 358(38) 		0.751
349(9) <--> 362(42) 		0.769
349(9) <--> 369(49) 		0.758
349(9) <--> 377(57) 		0.753
349(9) <--> 382(64) 		0.757
349(9) <--> 384(66) 		0.774
349(9) <--> 386(68) 		0.773
349(9) <--> 395(77) 		0.756
349(9) <--> 401(83) 		0.762
349(9) <--> 412(98) 		0.778
350(10) <--> 347(7) 		0.750
350(10) <--> 350(10) 		0.896
350(10) <--> 352(32) 		0.756
350(10) <--> 359(39) 		0.756
351(11) <--> 351(11) 		1.000
351(11) <--> 372(52) 		0.752
351(11) <--> 394(76) 		0.758
15(12) <--> 15(12) 		0.954
15(12) <--> 386(68) 		0.755
15(12) <--> 393(75) 		0.753
718(13) <--> 343(3) 		0.776
718(13) <--> 349(9) 		0.771
718(13) <--> 718(13) 		0.959
718(13) <--> 369(49) 		0.758
718(13) <--> 379(59) 		0.750
718(13) <--> 384(66) 		0.765
718(13) <--> 401(83) 		0.784
718(13) <--> 409(91) 		0.760
160(14) <--> 160(14) 		0.973
160(14) <--> 360(40) 		0.756
185(15) <--> 341(1) 		0.763
185(15) <--> 347(7) 		0.767
185(15) <--> 185(15) 		0.973
185(15) <--> 327(18) 		0.758
185(15) <--> 338(30) 		0.781
185(15) <--> 375(55) 		0.762
185(15) <--> 381(61) 		0.753
185(15) <--> 383(65) 		0.771
185(15) <--> 384(66) 		0.753
185(15) <--> 393(75) 		0.773
185(15) <--> 394(76) 		0.769
185(15) <--> 396(78) 		0.773
185(15) <--> 397(79) 		0.752
185(15) <--> 401(83) 		0.751
185(15) <--> 403(85) 		0.754
185(15) <--> 405(87) 		0.770
185(15) <--> 2885(94) 		0.753
5531(16) <--> 5531(16) 		1.000
5531(16) <--> 331(22) 		0.758
5531(16) <--> 334(26) 		0.756
5531(16) <--> 361(41) 		0.764
5531(16) <--> 364(44) 		0.755
5531(16) <--> 369(49) 		0.768
5531(16) <--> 374(54) 		0.751
5531(16) <--> 375(55) 		0.755
5531(16) <--> 384(66) 		0.753
5531(16) <--> 386(68) 		0.766
5531(16) <--> 401(83) 		0.766
5531(16) <--> 409(91) 		0.764
5531(16) <--> 410(96) 		0.758
326(17) <--> 340(0) 		0.751
326(17) <--> 342(2) 		0.768
326(17) <--> 348(8) 		0.756
326(17) <--> 15(12) 		0.764
326(17) <--> 326(17) 		0.983
326(17) <--> 359(39) 		0.752
326(17) <--> 364(44) 		0.766
326(17) <--> 374(54) 		0.779
326(17) <--> 375(55) 		0.752
326(17) <--> 377(57) 		0.751
326(17) <--> 379(59) 		0.758
326(17) <--> 386(68) 		0.751
326(17) <--> 389(71) 		0.753
326(17) <--> 392(74) 		0.756
326(17) <--> 395(77) 		0.761
326(17) <--> 2417(93) 		0.750
327(18) <--> 343(3) 		0.755
327(18) <--> 327(18) 		1.000
327(18) <--> 12(23) 		0.756
327(18) <--> 333(25) 		0.756
327(18) <--> 336(28) 		0.757
327(18) <--> 338(30) 		0.770
327(18) <--> 339(31) 		0.775
327(18) <--> 353(33) 		0.775
327(18) <--> 355(35) 		0.766
327(18) <--> 364(44) 		0.762
327(18) <--> 371(51) 		0.761
327(18) <--> 375(55) 		0.760
327(18) <--> 379(59) 		0.752
327(18) <--> 381(61) 		0.764
327(18) <--> 1255(62) 		0.757
327(18) <--> 1721(63) 		0.764
327(18) <--> 383(65) 		0.751
327(18) <--> 396(78) 		0.750
327(18) <--> 402(84) 		0.768
327(18) <--> 405(87) 		0.768
327(18) <--> 412(98) 		0.754
328(19) <--> 343(3) 		0.769
328(19) <--> 347(7) 		0.766
328(19) <--> 351(11) 		0.754
328(19) <--> 5531(16) 		0.765
328(19) <--> 328(19) 		0.935
328(19) <--> 329(20) 		0.766
328(19) <--> 331(22) 		0.767
328(19) <--> 12(23) 		0.777
328(19) <--> 333(25) 		0.805
328(19) <--> 334(26) 		0.751
328(19) <--> 336(28) 		0.769
328(19) <--> 338(30) 		0.759
328(19) <--> 356(36) 		0.763
328(19) <--> 359(39) 		0.753
328(19) <--> 361(41) 		0.751
328(19) <--> 362(42) 		0.754
328(19) <--> 364(44) 		0.757
328(19) <--> 365(45) 		0.761
328(19) <--> 366(46) 		0.751
328(19) <--> 372(52) 		0.760
328(19) <--> 375(55) 		0.763
328(19) <--> 377(57) 		0.750
328(19) <--> 1255(62) 		0.770
328(19) <--> 1721(63) 		0.759
328(19) <--> 386(68) 		0.769
328(19) <--> 396(78) 		0.763
328(19) <--> 399(81) 		0.766
328(19) <--> 401(83) 		0.750
328(19) <--> 402(84) 		0.751
328(19) <--> 405(87) 		0.752
328(19) <--> 410(96) 		0.755
329(20) <--> 328(19) 		0.767
329(20) <--> 329(20) 		1.000
329(20) <--> 336(28) 		0.770
329(20) <--> 375(55) 		0.751
329(20) <--> 379(59) 		0.771
329(20) <--> 386(68) 		0.762
329(20) <--> 394(76) 		0.757
329(20) <--> 398(80) 		0.751
329(20) <--> 2885(94) 		0.785
330(21) <--> 347(7) 		0.789
330(21) <--> 330(21) 		0.942
330(21) <--> 410(96) 		0.754
331(22) <--> 5531(16) 		0.753
331(22) <--> 331(22) 		0.972
331(22) <--> 356(36) 		0.767
12(23) <--> 343(3) 		0.770
12(23) <--> 347(7) 		0.775
12(23) <--> 348(8) 		0.752
12(23) <--> 349(9) 		0.761
12(23) <--> 327(18) 		0.756
12(23) <--> 328(19) 		0.796
12(23) <--> 330(21) 		0.752
12(23) <--> 12(23) 		1.000
12(23) <--> 333(25) 		0.758
12(23) <--> 336(28) 		0.757
12(23) <--> 338(30) 		0.763
12(23) <--> 353(33) 		0.768
12(23) <--> 358(38) 		0.760
12(23) <--> 361(41) 		0.765
12(23) <--> 365(45) 		0.772
12(23) <--> 366(46) 		0.753
12(23) <--> 367(47) 		0.761
12(23) <--> 368(48) 		0.756
12(23) <--> 375(55) 		0.761
12(23) <--> 380(60) 		0.779
12(23) <--> 1255(62) 		0.778
12(23) <--> 384(66) 		0.760
12(23) <--> 386(68) 		0.756
12(23) <--> 387(69) 		0.751
12(23) <--> 390(72) 		0.756
12(23) <--> 395(77) 		0.762
12(23) <--> 396(78) 		0.775
12(23) <--> 399(81) 		0.753
12(23) <--> 401(83) 		0.761
12(23) <--> 402(84) 		0.773
12(23) <--> 404(86) 		0.758
12(23) <--> 2914(95) 		0.756
12(23) <--> 412(98) 		0.755
12(23) <--> 3150(99) 		0.758
332(24) <--> 332(24) 		1.000
332(24) <--> 364(44) 		0.750
332(24) <--> 382(64) 		0.753
332(24) <--> 389(71) 		0.755
333(25) <--> 327(18) 		0.756
333(25) <--> 328(19) 		0.805
333(25) <--> 12(23) 		0.758
333(25) <--> 333(25) 		1.000
333(25) <--> 338(30) 		0.779
333(25) <--> 357(37) 		0.760
333(25) <--> 361(41) 		0.759
333(25) <--> 372(52) 		0.751
333(25) <--> 375(55) 		0.753
333(25) <--> 380(60) 		0.756
333(25) <--> 386(68) 		0.751
333(25) <--> 392(74) 		0.760
333(25) <--> 396(78) 		0.754
333(25) <--> 399(81) 		0.766
334(26) <--> 340(0) 		0.765
334(26) <--> 5531(16) 		0.756
334(26) <--> 334(26) 		1.000
334(26) <--> 338(30) 		0.778
334(26) <--> 354(34) 		0.760
334(26) <--> 366(46) 		0.753
334(26) <--> 401(83) 		0.750
335(27) <--> 335(27) 		0.970
335(27) <--> 383(65) 		0.766
336(28) <--> 342(2) 		0.751
336(28) <--> 327(18) 		0.751
336(28) <--> 328(19) 		0.752
336(28) <--> 12(23) 		0.753
336(28) <--> 336(28) 		0.955
336(28) <--> 339(31) 		0.768
336(28) <--> 356(36) 		0.755
336(28) <--> 358(38) 		0.750
336(28) <--> 364(44) 		0.771
336(28) <--> 365(45) 		0.759
336(28) <--> 372(52) 		0.770
336(28) <--> 375(55) 		0.805
336(28) <--> 378(58) 		0.756
336(28) <--> 384(66) 		0.755
336(28) <--> 386(68) 		0.761
336(28) <--> 396(78) 		0.756
336(28) <--> 403(85) 		0.751
336(28) <--> 407(89) 		0.757
336(28) <--> 409(91) 		0.786
337(29) <--> 337(29) 		1.000
338(30) <--> 341(1) 		0.777
338(30) <--> 342(2) 		0.755
338(30) <--> 343(3) 		0.759
338(30) <--> 185(15) 		0.769
338(30) <--> 327(18) 		0.770
338(30) <--> 328(19) 		0.758
338(30) <--> 12(23) 		0.763
338(30) <--> 333(25) 		0.779
338(30) <--> 334(26) 		0.778
338(30) <--> 338(30) 		1.000
338(30) <--> 354(34) 		0.751
338(30) <--> 357(37) 		0.761
338(30) <--> 359(39) 		0.765
338(30) <--> 361(41) 		0.750
338(30) <--> 366(46) 		0.760
338(30) <--> 367(47) 		0.753
338(30) <--> 370(50) 		0.751
338(30) <--> 373(53) 		0.765
338(30) <--> 379(59) 		0.754
338(30) <--> 380(60) 		0.753
338(30) <--> 1255(62) 		0.757
338(30) <--> 382(64) 		0.781
338(30) <--> 383(65) 		0.767
338(30) <--> 384(66) 		0.752
338(30) <--> 386(68) 		0.765
338(30) <--> 387(69) 		0.774
338(30) <--> 392(74) 		0.761
338(30) <--> 393(75) 		0.763
338(30) <--> 394(76) 		0.755
338(30) <--> 395(77) 		0.775
338(30) <--> 396(78) 		0.772
338(30) <--> 399(81) 		0.758
338(30) <--> 402(84) 		0.751
338(30) <--> 404(86) 		0.753
338(30) <--> 405(87) 		0.763
338(30) <--> 3150(99) 		0.751
339(31) <--> 340(0) 		0.756
339(31) <--> 327(18) 		0.775
339(31) <--> 336(28) 		0.763
339(31) <--> 339(31) 		1.000
339(31) <--> 355(35) 		0.752
339(31) <--> 358(38) 		0.756
339(31) <--> 364(44) 		0.756
339(31) <--> 375(55) 		0.765
339(31) <--> 380(60) 		0.759
339(31) <--> 386(68) 		0.763
339(31) <--> 2417(93) 		0.753
339(31) <--> 2885(94) 		0.752
352(32) <--> 352(32) 		0.968
352(32) <--> 371(51) 		0.751
352(32) <--> 407(89) 		0.756
353(33) <--> 343(3) 		0.759
353(33) <--> 348(8) 		0.786
353(33) <--> 327(18) 		0.775
353(33) <--> 12(23) 		0.768
353(33) <--> 353(33) 		1.000
353(33) <--> 358(38) 		0.751
353(33) <--> 364(44) 		0.779
353(33) <--> 365(45) 		0.761
353(33) <--> 375(55) 		0.772
353(33) <--> 377(57) 		0.758
353(33) <--> 380(60) 		0.752
353(33) <--> 383(65) 		0.766
353(33) <--> 384(66) 		0.766
353(33) <--> 391(73) 		0.754
353(33) <--> 393(75) 		0.754
353(33) <--> 394(76) 		0.756
353(33) <--> 402(84) 		0.756
353(33) <--> 405(87) 		0.763
353(33) <--> 2885(94) 		0.751
353(33) <--> 411(97) 		0.751
354(34) <--> 334(26) 		0.760
354(34) <--> 338(30) 		0.751
354(34) <--> 354(34) 		1.000
354(34) <--> 373(53) 		0.769
354(34) <--> 378(58) 		0.768
355(35) <--> 355(35) 		0.839
355(35) <--> 364(44) 		0.751
355(35) <--> 1255(62) 		0.766
355(35) <--> 387(69) 		0.766
356(36) <--> 343(3) 		0.752
356(36) <--> 331(22) 		0.758
356(36) <--> 336(28) 		0.761
356(36) <--> 356(36) 		1.000
356(36) <--> 370(50) 		0.762
356(36) <--> 371(51) 		0.771
356(36) <--> 410(96) 		0.754
357(37) <--> 333(25) 		0.760
357(37) <--> 338(30) 		0.761
357(37) <--> 357(37) 		1.000
357(37) <--> 364(44) 		0.757
357(37) <--> 375(55) 		0.755
357(37) <--> 1255(62) 		0.756
357(37) <--> 387(69) 		0.753
357(37) <--> 392(74) 		0.753
357(37) <--> 403(85) 		0.763
357(37) <--> 404(86) 		0.759
357(37) <--> 408(90) 		0.761
358(38) <--> 12(23) 		0.765
358(38) <--> 358(38) 		0.911
358(38) <--> 370(50) 		0.752
358(38) <--> 378(58) 		0.770
358(38) <--> 379(59) 		0.750
358(38) <--> 383(65) 		0.758
358(38) <--> 384(66) 		0.758
358(38) <--> 386(68) 		0.760
358(38) <--> 390(72) 		0.773
358(38) <--> 2914(95) 		0.755
359(39) <--> 341(1) 		0.754
359(39) <--> 343(3) 		0.762
359(39) <--> 347(7) 		0.755
359(39) <--> 338(30) 		0.765
359(39) <--> 359(39) 		0.981
359(39) <--> 379(59) 		0.756
359(39) <--> 382(64) 		0.763
359(39) <--> 384(66) 		0.754
359(39) <--> 386(68) 		0.764
359(39) <--> 396(78) 		0.770
359(39) <--> 399(81) 		0.757
359(39) <--> 405(87) 		0.760
359(39) <--> 412(98) 		0.755
360(40) <--> 160(14) 		0.759
360(40) <--> 360(40) 		1.000
360(40) <--> 382(64) 		0.760
360(40) <--> 391(73) 		0.756
360(40) <--> 410(96) 		0.776
361(41) <--> 328(19) 		0.767
361(41) <--> 12(23) 		0.759
361(41) <--> 336(28) 		0.751
361(41) <--> 361(41) 		0.924
361(41) <--> 364(44) 		0.767
361(41) <--> 366(46) 		0.756
361(41) <--> 368(48) 		0.753
361(41) <--> 378(58) 		0.773
361(41) <--> 381(61) 		0.756
361(41) <--> 386(68) 		0.765
361(41) <--> 392(74) 		0.758
361(41) <--> 402(84) 		0.753
361(41) <--> 2885(94) 		0.761
361(41) <--> 411(97) 		0.758
362(42) <--> 343(3) 		0.756
362(42) <--> 349(9) 		0.759
362(42) <--> 361(41) 		0.753
362(42) <--> 362(42) 		0.965
362(42) <--> 396(78) 		0.755
362(42) <--> 411(97) 		0.751
363(43) <--> 342(2) 		0.753
363(43) <--> 363(43) 		0.969
363(43) <--> 364(44) 		0.755
363(43) <--> 389(71) 		0.757
364(44) <--> 342(2) 		0.759
364(44) <--> 326(17) 		0.753
364(44) <--> 327(18) 		0.754
364(44) <--> 336(28) 		0.760
364(44) <--> 339(31) 		0.754
364(44) <--> 353(33) 		0.766
364(44) <--> 361(41) 		0.753
364(44) <--> 363(43) 		0.755
364(44) <--> 364(44) 		0.959
364(44) <--> 365(45) 		0.752
364(44) <--> 372(52) 		0.773
364(44) <--> 375(55) 		0.776
364(44) <--> 377(57) 		0.759
364(44) <--> 378(58) 		0.759
364(44) <--> 379(59) 		0.768
364(44) <--> 383(65) 		0.779
364(44) <--> 386(68) 		0.765
364(44) <--> 387(69) 		0.766
364(44) <--> 388(70) 		0.761
364(44) <--> 389(71) 		0.757
364(44) <--> 392(74) 		0.786
364(44) <--> 396(78) 		0.751
364(44) <--> 403(85) 		0.778
364(44) <--> 2417(93) 		0.822
364(44) <--> 411(97) 		0.766
365(45) <--> 349(9) 		0.752
365(45) <--> 353(33) 		0.752
365(45) <--> 365(45) 		0.870
365(45) <--> 384(66) 		0.765
365(45) <--> 406(88) 		0.755
366(46) <--> 342(2) 		0.753
366(46) <--> 336(28) 		0.764
366(46) <--> 338(30) 		0.760
366(46) <--> 339(31) 		0.757
366(46) <--> 361(41) 		0.753
366(46) <--> 366(46) 		0.924
366(46) <--> 376(56) 		0.751
366(46) <--> 379(59) 		0.765
366(46) <--> 382(64) 		0.753
366(46) <--> 387(69) 		0.755
366(46) <--> 389(71) 		0.755
366(46) <--> 401(83) 		0.759
366(46) <--> 404(86) 		0.779
366(46) <--> 409(91) 		0.755
367(47) <--> 343(3) 		0.753
367(47) <--> 347(7) 		0.755
367(47) <--> 12(23) 		0.761
367(47) <--> 338(30) 		0.753
367(47) <--> 367(47) 		1.000
367(47) <--> 386(68) 		0.770
367(47) <--> 394(76) 		0.758
367(47) <--> 396(78) 		0.775
368(48) <--> 361(41) 		0.760
368(48) <--> 368(48) 		0.966
368(48) <--> 369(49) 		0.760
368(48) <--> 386(68) 		0.753
368(48) <--> 387(69) 		0.761
369(49) <--> 348(8) 		0.750
369(49) <--> 349(9) 		0.758
369(49) <--> 718(13) 		0.766
369(49) <--> 5531(16) 		0.768
369(49) <--> 368(48) 		0.757
369(49) <--> 369(49) 		1.000
369(49) <--> 386(68) 		0.751
369(49) <--> 396(78) 		0.750
369(49) <--> 401(83) 		0.755
370(50) <--> 347(7) 		0.754
370(50) <--> 334(26) 		0.753
370(50) <--> 338(30) 		0.759
370(50) <--> 356(36) 		0.767
370(50) <--> 359(39) 		0.765
370(50) <--> 361(41) 		0.756
370(50) <--> 370(50) 		0.958
370(50) <--> 386(68) 		0.754
371(51) <--> 327(18) 		0.761
371(51) <--> 328(19) 		0.753
371(51) <--> 356(36) 		0.786
371(51) <--> 359(39) 		0.757
371(51) <--> 371(51) 		0.966
371(51) <--> 378(58) 		0.750
371(51) <--> 379(59) 		0.766
371(51) <--> 383(65) 		0.764
371(51) <--> 396(78) 		0.753
371(51) <--> 401(83) 		0.764
371(51) <--> 405(87) 		0.754
372(52) <--> 351(11) 		0.774
372(52) <--> 328(19) 		0.770
372(52) <--> 333(25) 		0.758
372(52) <--> 336(28) 		0.775
372(52) <--> 339(31) 		0.754
372(52) <--> 358(38) 		0.758
372(52) <--> 364(44) 		0.767
372(52) <--> 365(45) 		0.762
372(52) <--> 372(52) 		0.953
372(52) <--> 375(55) 		0.776
372(52) <--> 1255(62) 		0.756
372(52) <--> 383(65) 		0.751
372(52) <--> 386(68) 		0.754
372(52) <--> 387(69) 		0.750
372(52) <--> 394(76) 		0.758
373(53) <--> 338(30) 		0.766
373(53) <--> 373(53) 		0.942
373(53) <--> 375(55) 		0.764
373(53) <--> 382(64) 		0.760
373(53) <--> 387(69) 		0.760
374(54) <--> 326(17) 		0.775
374(54) <--> 361(41) 		0.777
374(54) <--> 373(53) 		0.755
374(54) <--> 374(54) 		0.902
374(54) <--> 382(64) 		0.751
374(54) <--> 386(68) 		0.756
374(54) <--> 392(74) 		0.766
375(55) <--> 340(0) 		0.757
375(55) <--> 341(1) 		0.766
375(55) <--> 342(2) 		0.756
375(55) <--> 343(3) 		0.750
375(55) <--> 349(9) 		0.753
375(55) <--> 5531(16) 		0.755
375(55) <--> 326(17) 		0.756
375(55) <--> 327(18) 		0.761
375(55) <--> 12(23) 		0.753
375(55) <--> 336(28) 		0.813
375(55) <--> 339(31) 		0.755
375(55) <--> 353(33) 		0.764
375(55) <--> 357(37) 		0.751
375(55) <--> 361(41) 		0.752
375(55) <--> 364(44) 		0.768
375(55) <--> 365(45) 		0.763
375(55) <--> 372(52) 		0.751
375(55) <--> 373(53) 		0.755
375(55) <--> 375(55) 		0.984
375(55) <--> 379(59) 		0.758
375(55) <--> 381(61) 		0.767
375(55) <--> 383(65) 		0.761
375(55) <--> 384(66) 		0.779
375(55) <--> 386(68) 		0.756
375(55) <--> 387(69) 		0.759
375(55) <--> 389(71) 		0.756
375(55) <--> 393(75) 		0.752
375(55) <--> 394(76) 		0.751
375(55) <--> 395(77) 		0.758
375(55) <--> 401(83) 		0.751
375(55) <--> 402(84) 		0.764
375(55) <--> 404(86) 		0.770
375(55) <--> 407(89) 		0.775
375(55) <--> 2885(94) 		0.754
376(56) <--> 341(1) 		0.751
376(56) <--> 342(2) 		0.769
376(56) <--> 343(3) 		0.757
376(56) <--> 345(5) 		0.752
376(56) <--> 347(7) 		0.763
376(56) <--> 332(24) 		0.754
376(56) <--> 364(44) 		0.754
376(56) <--> 367(47) 		0.756
376(56) <--> 376(56) 		0.972
376(56) <--> 377(57) 		0.796
376(56) <--> 1721(63) 		0.776
376(56) <--> 387(69) 		0.751
376(56) <--> 388(70) 		0.773
376(56) <--> 392(74) 		0.770
376(56) <--> 393(75) 		0.764
376(56) <--> 397(79) 		0.793
376(56) <--> 403(85) 		0.752
376(56) <--> 409(91) 		0.751
376(56) <--> 2417(93) 		0.764
376(56) <--> 410(96) 		0.757
376(56) <--> 412(98) 		0.777
377(57) <--> 343(3) 		0.793
377(57) <--> 376(56) 		0.758
377(57) <--> 377(57) 		0.924
377(57) <--> 383(65) 		0.764
377(57) <--> 388(70) 		0.756
377(57) <--> 412(98) 		0.777
378(58) <--> 336(28) 		0.753
378(58) <--> 354(34) 		0.768
378(58) <--> 358(38) 		0.754
378(58) <--> 361(41) 		0.756
378(58) <--> 370(50) 		0.758
378(58) <--> 378(58) 		0.975
378(58) <--> 381(61) 		0.752
378(58) <--> 383(65) 		0.761
378(58) <--> 386(68) 		0.771
378(58) <--> 2885(94) 		0.756
379(59) <--> 341(1) 		0.756
379(59) <--> 342(2) 		0.755
379(59) <--> 343(3) 		0.764
379(59) <--> 348(8) 		0.761
379(59) <--> 349(9) 		0.756
379(59) <--> 718(13) 		0.756
379(59) <--> 326(17) 		0.756
379(59) <--> 12(23) 		0.760
379(59) <--> 338(30) 		0.756
379(59) <--> 359(39) 		0.756
379(59) <--> 364(44) 		0.758
379(59) <--> 365(45) 		0.750
379(59) <--> 371(51) 		0.767
379(59) <--> 373(53) 		0.752
379(59) <--> 375(55) 		0.764
379(59) <--> 377(57) 		0.753
379(59) <--> 379(59) 		0.901
379(59) <--> 380(60) 		0.763
379(59) <--> 1721(63) 		0.754
379(59) <--> 383(65) 		0.754
379(59) <--> 384(66) 		0.764
379(59) <--> 386(68) 		0.786
379(59) <--> 387(69) 		0.754
379(59) <--> 392(74) 		0.751
379(59) <--> 396(78) 		0.756
379(59) <--> 400(82) 		0.753
379(59) <--> 401(83) 		0.763
379(59) <--> 407(89) 		0.772
379(59) <--> 2885(94) 		0.756
379(59) <--> 412(98) 		0.753
379(59) <--> 3150(99) 		0.759
380(60) <--> 348(8) 		0.763
380(60) <--> 160(14) 		0.758
380(60) <--> 327(18) 		0.756
380(60) <--> 328(19) 		0.752
380(60) <--> 12(23) 		0.786
380(60) <--> 332(24) 		0.759
380(60) <--> 333(25) 		0.757
380(60) <--> 336(28) 		0.761
380(60) <--> 338(30) 		0.755
380(60) <--> 339(31) 		0.762
380(60) <--> 353(33) 		0.763
380(60) <--> 373(53) 		0.757
380(60) <--> 380(60) 		0.972
380(60) <--> 1255(62) 		0.754
380(60) <--> 382(64) 		0.759
380(60) <--> 383(65) 		0.761
380(60) <--> 384(66) 		0.772
380(60) <--> 386(68) 		0.753
380(60) <--> 387(69) 		0.754
380(60) <--> 396(78) 		0.757
380(60) <--> 401(83) 		0.768
381(61) <--> 341(1) 		0.758
381(61) <--> 343(3) 		0.753
381(61) <--> 185(15) 		0.760
381(61) <--> 328(19) 		0.753
381(61) <--> 361(41) 		0.760
381(61) <--> 375(55) 		0.753
381(61) <--> 381(61) 		0.880
381(61) <--> 1721(63) 		0.753
381(61) <--> 386(68) 		0.772
381(61) <--> 387(69) 		0.761
381(61) <--> 393(75) 		0.753
381(61) <--> 396(78) 		0.775
381(61) <--> 399(81) 		0.759
381(61) <--> 401(83) 		0.758
381(61) <--> 402(84) 		0.757
1255(62) <--> 327(18) 		0.753
1255(62) <--> 328(19) 		0.778
1255(62) <--> 12(23) 		0.782
1255(62) <--> 338(30) 		0.755
1255(62) <--> 355(35) 		0.757
1255(62) <--> 362(42) 		0.758
1255(62) <--> 375(55) 		0.755
1255(62) <--> 380(60) 		0.757
1255(62) <--> 1255(62) 		0.956
1255(62) <--> 386(68) 		0.760
1255(62) <--> 401(83) 		0.762
1255(62) <--> 412(98) 		0.757
1721(63) <--> 341(1) 		0.765
1721(63) <--> 343(3) 		0.769
1721(63) <--> 344(4) 		0.754
1721(63) <--> 345(5) 		0.753
1721(63) <--> 346(6) 		0.759
1721(63) <--> 347(7) 		0.752
1721(63) <--> 348(8) 		0.754
1721(63) <--> 185(15) 		0.758
1721(63) <--> 5531(16) 		0.756
1721(63) <--> 327(18) 		0.769
1721(63) <--> 328(19) 		0.772
1721(63) <--> 329(20) 		0.760
1721(63) <--> 338(30) 		0.752
1721(63) <--> 359(39) 		0.761
1721(63) <--> 361(41) 		0.773
1721(63) <--> 362(42) 		0.760
1721(63) <--> 364(44) 		0.775
1721(63) <--> 369(49) 		0.750
1721(63) <--> 375(55) 		0.759
1721(63) <--> 376(56) 		0.784
1721(63) <--> 377(57) 		0.753
1721(63) <--> 378(58) 		0.759
1721(63) <--> 379(59) 		0.790
1721(63) <--> 381(61) 		0.784
1721(63) <--> 1721(63) 		0.923
1721(63) <--> 383(65) 		0.760
1721(63) <--> 386(68) 		0.764
1721(63) <--> 393(75) 		0.756
1721(63) <--> 394(76) 		0.757
1721(63) <--> 396(78) 		0.763
1721(63) <--> 398(80) 		0.768
1721(63) <--> 399(81) 		0.771
1721(63) <--> 402(84) 		0.755
1721(63) <--> 405(87) 		0.768
1721(63) <--> 406(88) 		0.757
1721(63) <--> 2885(94) 		0.784
1721(63) <--> 410(96) 		0.754
1721(63) <--> 412(98) 		0.776
1721(63) <--> 3150(99) 		0.759
382(64) <--> 343(3) 		0.759
382(64) <--> 349(9) 		0.757
382(64) <--> 160(14) 		0.750
382(64) <--> 328(19) 		0.751
382(64) <--> 332(24) 		0.753
382(64) <--> 338(30) 		0.781
382(64) <--> 359(39) 		0.759
382(64) <--> 360(40) 		0.760
382(64) <--> 366(46) 		0.768
382(64) <--> 373(53) 		0.765
382(64) <--> 374(54) 		0.754
382(64) <--> 377(57) 		0.753
382(64) <--> 380(60) 		0.750
382(64) <--> 382(64) 		1.000
382(64) <--> 384(66) 		0.760
382(64) <--> 387(69) 		0.760
382(64) <--> 389(71) 		0.753
382(64) <--> 392(74) 		0.751
382(64) <--> 395(77) 		0.761
382(64) <--> 396(78) 		0.754
382(64) <--> 404(86) 		0.757
382(64) <--> 410(96) 		0.762
382(64) <--> 412(98) 		0.751
383(65) <--> 343(3) 		0.762
383(65) <--> 185(15) 		0.754
383(65) <--> 327(18) 		0.750
383(65) <--> 335(27) 		0.766
383(65) <--> 338(30) 		0.758
383(65) <--> 353(33) 		0.756
383(65) <--> 364(44) 		0.779
383(65) <--> 371(51) 		0.754
383(65) <--> 375(55) 		0.759
383(65) <--> 377(57) 		0.764
383(65) <--> 378(58) 		0.758
383(65) <--> 379(59) 		0.760
383(65) <--> 380(60) 		0.755
383(65) <--> 1255(62) 		0.755
383(65) <--> 383(65) 		0.952
383(65) <--> 386(68) 		0.754
383(65) <--> 387(69) 		0.756
383(65) <--> 392(74) 		0.767
383(65) <--> 393(75) 		0.760
383(65) <--> 394(76) 		0.764
383(65) <--> 396(78) 		0.756
383(65) <--> 403(85) 		0.772
383(65) <--> 405(87) 		0.761
384(66) <--> 342(2) 		0.759
384(66) <--> 346(6) 		0.754
384(66) <--> 349(9) 		0.766
384(66) <--> 718(13) 		0.761
384(66) <--> 5531(16) 		0.753
384(66) <--> 326(17) 		0.754
384(66) <--> 327(18) 		0.765
384(66) <--> 336(28) 		0.759
384(66) <--> 339(31) 		0.755
384(66) <--> 353(33) 		0.775
384(66) <--> 364(44) 		0.786
384(66) <--> 369(49) 		0.756
384(66) <--> 373(53) 		0.755
384(66) <--> 375(55) 		0.795
384(66) <--> 377(57) 		0.753
384(66) <--> 379(59) 		0.766
384(66) <--> 383(65) 		0.754
384(66) <--> 384(66) 		0.881
384(66) <--> 386(68) 		0.773
384(66) <--> 387(69) 		0.750
384(66) <--> 389(71) 		0.762
384(66) <--> 392(74) 		0.753
384(66) <--> 405(87) 		0.764
384(66) <--> 412(98) 		0.762
385(67) <--> 385(67) 		0.976
385(67) <--> 386(68) 		0.752
386(68) <--> 341(1) 		0.757
386(68) <--> 342(2) 		0.760
386(68) <--> 346(6) 		0.758
386(68) <--> 347(7) 		0.755
386(68) <--> 349(9) 		0.773
386(68) <--> 718(13) 		0.752
386(68) <--> 5531(16) 		0.766
386(68) <--> 328(19) 		0.763
386(68) <--> 329(20) 		0.762
386(68) <--> 12(23) 		0.756
386(68) <--> 333(25) 		0.751
386(68) <--> 336(28) 		0.770
386(68) <--> 338(30) 		0.765
386(68) <--> 339(31) 		0.763
386(68) <--> 358(38) 		0.761
386(68) <--> 359(39) 		0.772
386(68) <--> 361(41) 		0.781
386(68) <--> 364(44) 		0.768
386(68) <--> 365(45) 		0.753
386(68) <--> 367(47) 		0.770
386(68) <--> 369(49) 		0.751
386(68) <--> 372(52) 		0.756
386(68) <--> 373(53) 		0.754
386(68) <--> 374(54) 		0.758
386(68) <--> 375(55) 		0.765
386(68) <--> 378(58) 		0.784
386(68) <--> 379(59) 		0.785
386(68) <--> 381(61) 		0.757
386(68) <--> 1255(62) 		0.758
386(68) <--> 1721(63) 		0.755
386(68) <--> 383(65) 		0.753
386(68) <--> 384(66) 		0.760
386(68) <--> 385(67) 		0.751
386(68) <--> 386(68) 		1.000
386(68) <--> 387(69) 		0.776
386(68) <--> 388(70) 		0.757
386(68) <--> 392(74) 		0.771
386(68) <--> 395(77) 		0.752
386(68) <--> 396(78) 		0.761
386(68) <--> 399(81) 		0.788
386(68) <--> 401(83) 		0.766
386(68) <--> 405(87) 		0.757
386(68) <--> 406(88) 		0.751
386(68) <--> 2885(94) 		0.755
386(68) <--> 411(97) 		0.760
386(68) <--> 412(98) 		0.775
386(68) <--> 3150(99) 		0.755
387(69) <--> 341(1) 		0.753
387(69) <--> 342(2) 		0.764
387(69) <--> 349(9) 		0.750
387(69) <--> 160(14) 		0.756
387(69) <--> 12(23) 		0.754
387(69) <--> 332(24) 		0.754
387(69) <--> 336(28) 		0.753
387(69) <--> 338(30) 		0.779
387(69) <--> 354(34) 		0.752
387(69) <--> 357(37) 		0.760
387(69) <--> 358(38) 		0.755
387(69) <--> 361(41) 		0.759
387(69) <--> 363(43) 		0.751
387(69) <--> 364(44) 		0.770
387(69) <--> 365(45) 		0.763
387(69) <--> 366(46) 		0.763
387(69) <--> 368(48) 		0.782
387(69) <--> 369(49) 		0.750
387(69) <--> 375(55) 		0.767
387(69) <--> 376(56) 		0.756
387(69) <--> 379(59) 		0.757
387(69) <--> 381(61) 		0.757
387(69) <--> 1255(62) 		0.752
387(69) <--> 382(64) 		0.765
387(69) <--> 383(65) 		0.760
387(69) <--> 386(68) 		0.779
387(69) <--> 387(69) 		0.992
387(69) <--> 388(70) 		0.753
387(69) <--> 389(71) 		0.750
387(69) <--> 390(72) 		0.795
387(69) <--> 392(74) 		0.785
387(69) <--> 393(75) 		0.771
387(69) <--> 394(76) 		0.760
387(69) <--> 395(77) 		0.758
387(69) <--> 396(78) 		0.755
387(69) <--> 400(82) 		0.755
387(69) <--> 401(83) 		0.751
387(69) <--> 404(86) 		0.780
387(69) <--> 406(88) 		0.757
388(70) <--> 376(56) 		0.764
388(70) <--> 377(57) 		0.773
388(70) <--> 386(68) 		0.759
388(70) <--> 388(70) 		0.898
388(70) <--> 395(77) 		0.756
388(70) <--> 412(98) 		0.751
389(71) <--> 326(17) 		0.758
389(71) <--> 332(24) 		0.757
389(71) <--> 373(53) 		0.754
389(71) <--> 375(55) 		0.753
389(71) <--> 386(68) 		0.755
389(71) <--> 389(71) 		0.890
389(71) <--> 395(77) 		0.754
389(71) <--> 401(83) 		0.773
389(71) <--> 2885(94) 		0.752
390(72) <--> 12(23) 		0.756
390(72) <--> 358(38) 		0.779
390(72) <--> 378(58) 		0.754
390(72) <--> 384(66) 		0.752
390(72) <--> 387(69) 		0.801
390(72) <--> 390(72) 		1.000
390(72) <--> 393(75) 		0.758
390(72) <--> 394(76) 		0.765
391(73) <--> 343(3) 		0.751
391(73) <--> 391(73) 		0.938
391(73) <--> 410(96) 		0.759
392(74) <--> 342(2) 		0.757
392(74) <--> 343(3) 		0.758
392(74) <--> 347(7) 		0.770
392(74) <--> 333(25) 		0.760
392(74) <--> 338(30) 		0.761
392(74) <--> 357(37) 		0.753
392(74) <--> 361(41) 		0.771
392(74) <--> 364(44) 		0.773
392(74) <--> 376(56) 		0.760
392(74) <--> 377(57) 		0.759
392(74) <--> 379(59) 		0.750
392(74) <--> 382(64) 		0.751
392(74) <--> 383(65) 		0.768
392(74) <--> 386(68) 		0.771
392(74) <--> 387(69) 		0.782
392(74) <--> 389(71) 		0.751
392(74) <--> 392(74) 		1.000
392(74) <--> 396(78) 		0.770
392(74) <--> 403(85) 		0.765
392(74) <--> 411(97) 		0.766
392(74) <--> 3150(99) 		0.753
393(75) <--> 341(1) 		0.753
393(75) <--> 185(15) 		0.776
393(75) <--> 338(30) 		0.761
393(75) <--> 353(33) 		0.753
393(75) <--> 364(44) 		0.760
393(75) <--> 366(46) 		0.760
393(75) <--> 376(56) 		0.757
393(75) <--> 381(61) 		0.763
393(75) <--> 383(65) 		0.756
393(75) <--> 387(69) 		0.779
393(75) <--> 392(74) 		0.756
393(75) <--> 393(75) 		0.973
393(75) <--> 394(76) 		0.755
394(76) <--> 341(1) 		0.770
394(76) <--> 351(11) 		0.752
394(76) <--> 185(15) 		0.750
394(76) <--> 329(20) 		0.770
394(76) <--> 336(28) 		0.753
394(76) <--> 364(44) 		0.759
394(76) <--> 375(55) 		0.762
394(76) <--> 379(59) 		0.757
394(76) <--> 383(65) 		0.757
394(76) <--> 384(66) 		0.771
394(76) <--> 390(72) 		0.753
394(76) <--> 394(76) 		0.974
394(76) <--> 2885(94) 		0.770
395(77) <--> 349(9) 		0.753
395(77) <--> 338(30) 		0.762
395(77) <--> 362(42) 		0.751
395(77) <--> 388(70) 		0.751
395(77) <--> 395(77) 		0.955
396(78) <--> 341(1) 		0.785
396(78) <--> 342(2) 		0.769
396(78) <--> 343(3) 		0.805
396(78) <--> 347(7) 		0.775
396(78) <--> 185(15) 		0.768
396(78) <--> 328(19) 		0.768
396(78) <--> 12(23) 		0.771
396(78) <--> 336(28) 		0.750
396(78) <--> 338(30) 		0.769
396(78) <--> 359(39) 		0.769
396(78) <--> 361(41) 		0.756
396(78) <--> 362(42) 		0.759
396(78) <--> 364(44) 		0.767
396(78) <--> 367(47) 		0.765
396(78) <--> 369(49) 		0.753
396(78) <--> 371(51) 		0.755
396(78) <--> 376(56) 		0.751
396(78) <--> 377(57) 		0.761
396(78) <--> 379(59) 		0.761
396(78) <--> 383(65) 		0.771
396(78) <--> 386(68) 		0.759
396(78) <--> 392(74) 		0.765
396(78) <--> 395(77) 		0.764
396(78) <--> 396(78) 		0.927
396(78) <--> 398(80) 		0.751
396(78) <--> 399(81) 		0.761
396(78) <--> 405(87) 		0.764
396(78) <--> 409(91) 		0.751
396(78) <--> 411(97) 		0.773
396(78) <--> 412(98) 		0.756
397(79) <--> 364(44) 		0.769
397(79) <--> 376(56) 		0.754
397(79) <--> 397(79) 		0.882
398(80) <--> 341(1) 		0.761
398(80) <--> 343(3) 		0.758
398(80) <--> 349(9) 		0.750
398(80) <--> 329(20) 		0.754
398(80) <--> 336(28) 		0.766
398(80) <--> 364(44) 		0.754
398(80) <--> 365(45) 		0.750
398(80) <--> 375(55) 		0.763
398(80) <--> 1721(63) 		0.753
398(80) <--> 383(65) 		0.766
398(80) <--> 396(78) 		0.780
398(80) <--> 398(80) 		0.978
399(81) <--> 341(1) 		0.789
399(81) <--> 328(19) 		0.771
399(81) <--> 12(23) 		0.753
399(81) <--> 333(25) 		0.766
399(81) <--> 338(30) 		0.758
399(81) <--> 359(39) 		0.767
399(81) <--> 381(61) 		0.759
399(81) <--> 1721(63) 		0.760
399(81) <--> 386(68) 		0.788
399(81) <--> 388(70) 		0.755
399(81) <--> 394(76) 		0.754
399(81) <--> 396(78) 		0.765
399(81) <--> 399(81) 		1.000
399(81) <--> 3150(99) 		0.756
400(82) <--> 358(38) 		0.750
400(82) <--> 400(82) 		0.981
400(82) <--> 402(84) 		0.755
400(82) <--> 2885(94) 		0.752
401(83) <--> 340(0) 		0.778
401(83) <--> 343(3) 		0.768
401(83) <--> 349(9) 		0.762
401(83) <--> 718(13) 		0.778
401(83) <--> 5531(16) 		0.766
401(83) <--> 326(17) 		0.753
401(83) <--> 12(23) 		0.761
401(83) <--> 334(26) 		0.750
401(83) <--> 362(42) 		0.754
401(83) <--> 365(45) 		0.757
401(83) <--> 366(46) 		0.753
401(83) <--> 369(49) 		0.755
401(83) <--> 375(55) 		0.756
401(83) <--> 379(59) 		0.768
401(83) <--> 380(60) 		0.758
401(83) <--> 381(61) 		0.763
401(83) <--> 1255(62) 		0.768
401(83) <--> 386(68) 		0.766
401(83) <--> 389(71) 		0.761
401(83) <--> 391(73) 		0.762
401(83) <--> 393(75) 		0.750
401(83) <--> 401(83) 		1.000
402(84) <--> 340(0) 		0.759
402(84) <--> 349(9) 		0.751
402(84) <--> 327(18) 		0.771
402(84) <--> 328(19) 		0.752
402(84) <--> 12(23) 		0.779
402(84) <--> 336(28) 		0.757
402(84) <--> 338(30) 		0.751
402(84) <--> 353(33) 		0.760
402(84) <--> 375(55) 		0.769
402(84) <--> 378(58) 		0.751
402(84) <--> 381(61) 		0.754
402(84) <--> 1721(63) 		0.759
402(84) <--> 384(66) 		0.755
402(84) <--> 395(77) 		0.756
402(84) <--> 400(82) 		0.751
402(84) <--> 402(84) 		0.980
402(84) <--> 405(87) 		0.756
402(84) <--> 409(91) 		0.751
402(84) <--> 2885(94) 		0.752
402(84) <--> 410(96) 		0.751
403(85) <--> 336(28) 		0.751
403(85) <--> 357(37) 		0.763
403(85) <--> 364(44) 		0.774
403(85) <--> 383(65) 		0.776
403(85) <--> 392(74) 		0.765
403(85) <--> 403(85) 		1.000
404(86) <--> 12(23) 		0.754
404(86) <--> 332(24) 		0.757
404(86) <--> 333(25) 		0.760
404(86) <--> 336(28) 		0.766
404(86) <--> 357(37) 		0.759
404(86) <--> 361(41) 		0.754
404(86) <--> 366(46) 		0.785
404(86) <--> 375(55) 		0.768
404(86) <--> 376(56) 		0.754
404(86) <--> 1255(62) 		0.750
404(86) <--> 382(64) 		0.761
404(86) <--> 387(69) 		0.785
404(86) <--> 404(86) 		0.924
404(86) <--> 406(88) 		0.768
405(87) <--> 341(1) 		0.769
405(87) <--> 342(2) 		0.762
405(87) <--> 343(3) 		0.760
405(87) <--> 347(7) 		0.759
405(87) <--> 348(8) 		0.757
405(87) <--> 185(15) 		0.763
405(87) <--> 327(18) 		0.779
405(87) <--> 338(30) 		0.775
405(87) <--> 353(33) 		0.764
405(87) <--> 356(36) 		0.750
405(87) <--> 359(39) 		0.766
405(87) <--> 371(51) 		0.789
405(87) <--> 379(59) 		0.767
405(87) <--> 381(61) 		0.765
405(87) <--> 1721(63) 		0.763
405(87) <--> 383(65) 		0.779
405(87) <--> 384(66) 		0.776
405(87) <--> 386(68) 		0.755
405(87) <--> 387(69) 		0.753
405(87) <--> 396(78) 		0.772
405(87) <--> 402(84) 		0.765
405(87) <--> 405(87) 		0.942
405(87) <--> 410(96) 		0.760
405(87) <--> 412(98) 		0.755
406(88) <--> 349(9) 		0.753
406(88) <--> 359(39) 		0.752
406(88) <--> 364(44) 		0.765
406(88) <--> 381(61) 		0.751
406(88) <--> 1721(63) 		0.758
406(88) <--> 384(66) 		0.751
406(88) <--> 386(68) 		0.763
406(88) <--> 388(70) 		0.757
406(88) <--> 404(86) 		0.765
406(88) <--> 406(88) 		0.913
406(88) <--> 412(98) 		0.806
407(89) <--> 344(4) 		0.752
407(89) <--> 345(5) 		0.768
407(89) <--> 346(6) 		0.754
407(89) <--> 333(25) 		0.756
407(89) <--> 336(28) 		0.764
407(89) <--> 352(32) 		0.766
407(89) <--> 364(44) 		0.760
407(89) <--> 365(45) 		0.755
407(89) <--> 375(55) 		0.778
407(89) <--> 379(59) 		0.763
407(89) <--> 407(89) 		0.978
407(89) <--> 409(91) 		0.761
408(90) <--> 357(37) 		0.761
408(90) <--> 375(55) 		0.757
408(90) <--> 408(90) 		1.000
409(91) <--> 5531(16) 		0.764
409(91) <--> 336(28) 		0.775
409(91) <--> 407(89) 		0.754
409(91) <--> 409(91) 		1.000
409(91) <--> 410(96) 		0.757
2291(92) <--> 2291(92) 		0.892
2417(93) <--> 339(31) 		0.753
2417(93) <--> 364(44) 		0.823
2417(93) <--> 376(56) 		0.767
2417(93) <--> 2417(93) 		1.000
2417(93) <--> 410(96) 		0.753
2885(94) <--> 329(20) 		0.789
2885(94) <--> 336(28) 		0.753
2885(94) <--> 358(38) 		0.758
2885(94) <--> 378(58) 		0.759
2885(94) <--> 379(59) 		0.772
2885(94) <--> 1721(63) 		0.755
2885(94) <--> 394(76) 		0.754
2885(94) <--> 2885(94) 		0.919
2914(95) <--> 12(23) 		0.756
2914(95) <--> 2914(95) 		1.000
410(96) <--> 347(7) 		0.775
410(96) <--> 330(21) 		0.783
410(96) <--> 356(36) 		0.752
410(96) <--> 360(40) 		0.767
410(96) <--> 405(87) 		0.750
410(96) <--> 410(96) 		0.954
411(97) <--> 343(3) 		0.753
411(97) <--> 344(4) 		0.763
411(97) <--> 348(8) 		0.768
411(97) <--> 353(33) 		0.751
411(97) <--> 361(41) 		0.763
411(97) <--> 362(42) 		0.754
411(97) <--> 364(44) 		0.769
411(97) <--> 386(68) 		0.760
411(97) <--> 392(74) 		0.766
411(97) <--> 411(97) 		1.000
412(98) <--> 342(2) 		0.757
412(98) <--> 343(3) 		0.760
412(98) <--> 349(9) 		0.778
412(98) <--> 718(13) 		0.762
412(98) <--> 327(18) 		0.754
412(98) <--> 12(23) 		0.755
412(98) <--> 336(28) 		0.762
412(98) <--> 359(39) 		0.755
412(98) <--> 364(44) 		0.761
412(98) <--> 376(56) 		0.776
412(98) <--> 377(57) 		0.787
412(98) <--> 379(59) 		0.761
412(98) <--> 1255(62) 		0.763
412(98) <--> 1721(63) 		0.768
412(98) <--> 382(64) 		0.751
412(98) <--> 384(66) 		0.781
412(98) <--> 386(68) 		0.775
412(98) <--> 388(70) 		0.755
412(98) <--> 406(88) 		0.776
412(98) <--> 412(98) 		1.000
3150(99) <--> 341(1) 		0.755
3150(99) <--> 343(3) 		0.775
3150(99) <--> 347(7) 		0.751
3150(99) <--> 348(8) 		0.777
3150(99) <--> 327(18) 		0.752
3150(99) <--> 328(19) 		0.758
3150(99) <--> 12(23) 		0.760
3150(99) <--> 333(25) 		0.762
3150(99) <--> 338(30) 		0.751
3150(99) <--> 361(41) 		0.754
3150(99) <--> 364(44) 		0.752
3150(99) <--> 377(57) 		0.755
3150(99) <--> 379(59) 		0.756
3150(99) <--> 380(60) 		0.752
3150(99) <--> 381(61) 		0.759
3150(99) <--> 1721(63) 		0.767
3150(99) <--> 386(68) 		0.774
3150(99) <--> 396(78) 		0.768
3150(99) <--> 399(81) 		0.766
3150(99) <--> 401(83) 		0.754
3150(99) <--> 406(88) 		0.750
3150(99) <--> 410(96) 		0.754
3150(99) <--> 411(97) 		0.752
3150(99) <--> 412(98) 		0.751
3150(99) <--> 3150(99) 		0.889

The number of matches records: 1281
-----------------------------------
