----------------------------------
Rule 1 is id+seed1_bloom+seed2_bloom+seed3_bloom, and the weight is 1

The threshold is 89
----------------------------------
linkage 			score
ID A(index)  ID B(index)

340(0) <--> 340(0) 		0.910
343(3) <--> 362(42) 		0.708
344(4) <--> 344(4) 		0.858
348(8) <--> 348(8) 		0.953
348(8) <--> 389(71) 		0.697
349(9) <--> 382(64) 		0.700
350(10) <--> 350(10) 		0.948
718(13) <--> 718(13) 		0.957
185(15) <--> 185(15) 		0.923
326(17) <--> 373(53) 		0.719
328(19) <--> 328(19) 		0.898
329(20) <--> 379(59) 		0.760
330(21) <--> 330(21) 		0.936
331(22) <--> 331(22) 		0.946
331(22) <--> 356(36) 		0.696
334(26) <--> 354(34) 		0.718
334(26) <--> 384(66) 		0.729
336(28) <--> 336(28) 		0.940
353(33) <--> 353(33) 		0.913
354(34) <--> 334(26) 		0.718
355(35) <--> 355(35) 		0.850
356(36) <--> 409(91) 		0.758
358(38) <--> 356(36) 		0.700
361(41) <--> 374(54) 		0.737
362(42) <--> 343(3) 		0.696
362(42) <--> 361(41) 		0.708
363(43) <--> 363(43) 		0.906
364(44) <--> 2417(93) 		0.756
365(45) <--> 343(3) 		0.723
365(45) <--> 365(45) 		0.858
366(46) <--> 404(86) 		0.710
371(51) <--> 371(51) 		0.929
374(54) <--> 361(41) 		0.713
376(56) <--> 376(56) 		0.934
376(56) <--> 377(57) 		0.705
377(57) <--> 377(57) 		0.910
378(58) <--> 334(26) 		0.702
378(58) <--> 378(58) 		0.948
379(59) <--> 329(20) 		0.721
379(59) <--> 379(59) 		0.900
381(61) <--> 381(61) 		0.945
1255(62) <--> 1255(62) 		0.943
1721(63) <--> 1721(63) 		0.953
382(64) <--> 349(9) 		0.700
383(65) <--> 383(65) 		0.922
384(66) <--> 334(26) 		0.715
384(66) <--> 364(44) 		0.706
384(66) <--> 384(66) 		0.917
384(66) <--> 394(76) 		0.737
385(67) <--> 385(67) 		0.900
388(70) <--> 382(64) 		0.697
388(70) <--> 388(70) 		0.946
393(75) <--> 393(75) 		0.940
394(76) <--> 384(66) 		0.716
394(76) <--> 394(76) 		0.940
398(80) <--> 396(78) 		0.715
400(82) <--> 160(14) 		0.699
401(83) <--> 718(13) 		0.702
402(84) <--> 402(84) 		0.944
404(86) <--> 404(86) 		0.911
405(87) <--> 359(39) 		0.699
406(88) <--> 346(6) 		0.696
406(88) <--> 382(64) 		0.695
407(89) <--> 407(89) 		0.934
409(91) <--> 356(36) 		0.758
2417(93) <--> 364(44) 		0.749
2885(94) <--> 2885(94) 		0.860
410(96) <--> 410(96) 		0.939
3150(99) <--> 3150(99) 		0.916

The number of matches records: 69
-----------------------------------
