----------------------------------
Rule 1 is id+seed1_bloom+seed2_bloom+seed3_bloom, and the weight is 1

The threshold is 89
----------------------------------
linkage 			score
ID A(index)  ID B(index)

340(0) <--> 340(0) 		0.910
343(3) <--> 362(42) 		0.708
344(4) <--> 344(4) 		0.858
348(8) <--> 348(8) 		0.953
348(8) <--> 389(71) 		0.697
349(9) <--> 382(64) 		0.700
350(10) <--> 350(10) 		0.948
718(13) <--> 718(13) 		0.957
185(15) <--> 185(15) 		0.923
326(17) <--> 373(53) 		0.719
328(19) <--> 328(19) 		0.898
329(20) <--> 379(59) 		0.760
330(21) <--> 330(21) 		0.936
331(22) <--> 331(22) 		0.946
331(22) <--> 356(36) 		0.696
334(26) <--> 354(34) 		0.718
334(26) <--> 384(66) 		0.729
336(28) <--> 336(28) 		0.940
353(33) <--> 353(33) 		0.913
354(34) <--> 334(26) 		0.718
355(35) <--> 355(35) 		0.850
356(36) <--> 409(91) 		0.758
358(38) <--> 356(36) 		0.700
361(41) <--> 374(54) 		0.737
362(42) <--> 343(3) 		0.696
362(42) <--> 361(41) 		0.708
363(43) <--> 363(43) 		0.906
364(44) <--> 2417(93) 		0.756
365(45) <--> 343(3) 		0.723
365(45) <--> 365(45) 		0.858
366(46) <--> 404(86) 		0.710
371(51) <--> 371(51) 		0.929
374(54) <--> 361(41) 		0.713
376(56) <--> 376(56) 		0.934
376(56) <--> 377(57) 		0.705
377(57) <--> 377(57) 		0.910
378(58) <--> 334(26) 		0.702
378(58) <--> 378(58) 		0.948
379(59) <--> 329(20) 		0.721
379(59) <--> 379(59) 		0.900
381(61) <--> 381(61) 		0.945
1255(62) <--> 1255(62) 		0.943
1721(63) <--> 1721(63) 		0.953
382(64) <--> 349(9) 		0.700
383(65) <--> 383(65) 		0.922
384(66) <--> 334(26) 		0.715
384(66) <--> 364(44) 		0.706
384(66) <--> 384(66) 		0.917
384(66) <--> 394(76) 		0.737
385(67) <--> 385(67) 		0.900
388(70) <--> 382(64) 		0.697
388(70) <--> 388(70) 		0.946
393(75) <--> 393(75) 		0.940
394(76) <--> 384(66) 		0.716
394(76) <--> 394(76) 		0.940
398(80) <--> 396(78) 		0.715
400(82) <--> 160(14) 		0.699
401(83) <--> 718(13) 		0.702
402(84) <--> 402(84) 		0.944
404(86) <--> 404(86) 		0.911
405(87) <--> 359(39) 		0.699
406(88) <--> 346(6) 		0.696
406(88) <--> 382(64) 		0.695
407(89) <--> 407(89) 		0.934
409(91) <--> 356(36) 		0.758
2417(93) <--> 364(44) 		0.749
2885(94) <--> 2885(94) 		0.860
410(96) <--> 410(96) 		0.939
3150(99) <--> 3150(99) 		0.916
341(1) <--> 341(1) 		0.935
341(1) <--> 375(55) 		0.698
341(1) <--> 398(80) 		0.721
342(2) <--> 342(2) 		0.937
345(5) <--> 398(80) 		0.701
346(6) <--> 390(72) 		0.721
351(11) <--> 358(38) 		0.701
15(12) <--> 15(12) 		0.899
160(14) <--> 390(72) 		0.718
327(18) <--> 338(30) 		0.698
327(18) <--> 408(90) 		0.699
327(18) <--> 412(98) 		0.697
12(23) <--> 332(24) 		0.719
12(23) <--> 367(47) 		0.703
12(23) <--> 395(77) 		0.704
12(23) <--> 412(98) 		0.699
332(24) <--> 12(23) 		0.719
332(24) <--> 375(55) 		0.705
333(25) <--> 338(30) 		0.723
333(25) <--> 357(37) 		0.760
335(27) <--> 335(27) 		0.923
335(27) <--> 370(50) 		0.732
337(29) <--> 397(79) 		0.704
337(29) <--> 403(85) 		0.705
338(30) <--> 327(18) 		0.698
338(30) <--> 333(25) 		0.723
338(30) <--> 357(37) 		0.711
338(30) <--> 366(46) 		0.742
338(30) <--> 369(49) 		0.701
338(30) <--> 386(68) 		0.738
338(30) <--> 387(69) 		0.705
338(30) <--> 392(74) 		0.734
338(30) <--> 395(77) 		0.715
352(32) <--> 352(32) 		0.935
357(37) <--> 333(25) 		0.760
357(37) <--> 338(30) 		0.711
357(37) <--> 387(69) 		0.697
357(37) <--> 403(85) 		0.742
357(37) <--> 408(90) 		0.718
359(39) <--> 338(30) 		0.712
359(39) <--> 369(49) 		0.711
359(39) <--> 386(68) 		0.711
359(39) <--> 395(77) 		0.710
359(39) <--> 408(90) 		0.698
360(40) <--> 370(50) 		0.701
360(40) <--> 406(88) 		0.702
360(40) <--> 411(97) 		0.700
367(47) <--> 12(23) 		0.703
367(47) <--> 2914(95) 		0.697
369(49) <--> 338(30) 		0.701
369(49) <--> 386(68) 		0.698
370(50) <--> 335(27) 		0.714
370(50) <--> 370(50) 		0.914
372(52) <--> 332(24) 		0.718
372(52) <--> 333(25) 		0.714
372(52) <--> 357(37) 		0.718
372(52) <--> 372(52) 		0.882
372(52) <--> 375(55) 		0.739
373(53) <--> 375(55) 		0.698
375(55) <--> 405(87) 		0.701
375(55) <--> 406(88) 		0.700
386(68) <--> 338(30) 		0.738
386(68) <--> 369(49) 		0.698
386(68) <--> 387(69) 		0.704
386(68) <--> 392(74) 		0.703
386(68) <--> 399(81) 		0.741
386(68) <--> 406(88) 		0.729
386(68) <--> 411(97) 		0.697
387(69) <--> 338(30) 		0.706
387(69) <--> 357(37) 		0.701
387(69) <--> 386(68) 		0.700
387(69) <--> 390(72) 		0.729
389(71) <--> 326(17) 		0.715
389(71) <--> 395(77) 		0.696
389(71) <--> 403(85) 		0.713
390(72) <--> 387(69) 		0.732
391(73) <--> 391(73) 		0.938
392(74) <--> 338(30) 		0.734
392(74) <--> 386(68) 		0.703
392(74) <--> 397(79) 		0.696
395(77) <--> 12(23) 		0.702
395(77) <--> 338(30) 		0.721
395(77) <--> 395(77) 		0.899
396(78) <--> 12(23) 		0.704
396(78) <--> 338(30) 		0.711
396(78) <--> 392(74) 		0.708
397(79) <--> 337(29) 		0.704
397(79) <--> 392(74) 		0.708
397(79) <--> 397(79) 		0.947
399(81) <--> 386(68) 		0.741
403(85) <--> 337(29) 		0.705
403(85) <--> 357(37) 		0.742
408(90) <--> 327(18) 		0.699
408(90) <--> 357(37) 		0.718
2291(92) <--> 2291(92) 		0.917
2914(95) <--> 367(47) 		0.697
411(97) <--> 360(40) 		0.700
411(97) <--> 386(68) 		0.697
412(98) <--> 327(18) 		0.697
412(98) <--> 12(23) 		0.699
412(98) <--> 406(88) 		0.712
5531(16) <--> 5531(16) 		1.000
368(48) <--> 368(48) 		0.946
347(7) <--> 345(5) 		0.739
347(7) <--> 351(11) 		0.723
347(7) <--> 339(31) 		0.725
347(7) <--> 380(60) 		0.729
347(7) <--> 400(82) 		0.721
347(7) <--> 401(83) 		0.729
339(31) <--> 345(5) 		0.703
339(31) <--> 347(7) 		0.725
339(31) <--> 351(11) 		0.720
339(31) <--> 380(60) 		0.759
339(31) <--> 400(82) 		0.744
339(31) <--> 401(83) 		0.735
380(60) <--> 345(5) 		0.700
380(60) <--> 347(7) 		0.738
380(60) <--> 351(11) 		0.720
380(60) <--> 339(31) 		0.762
380(60) <--> 400(82) 		0.740
380(60) <--> 401(83) 		0.768

The number of matches records: 190
-----------------------------------
