----------------------------------
Rule 1 is first+last+bdate, and the weight is 1
Rule 2 is ssn+bdate, and the weight is 1
Rule 3 is last+ssn, and the weight is 1
Rule 4 is Soundex(first)+Soundex(last)+ssn+bdate, and the weight is 1

The threshold is 0
----------------------------------
linkage 			score
ID A(index)  ID B(index)

5782(0) <--> 5782(1) 		4
6000(1) <--> 6000(2) 		4
1(9) <--> 1(12) 		2
2(10) <--> 2(13) 		1
3(11) <--> 3(14) 		1
4(12) <--> 4(15) 		4
5(13) <--> 5(16) 		1
6(14) <--> 6(17) 		1
7(15) <--> 7(18) 		4
8(16) <--> 8(19) 		4
9(17) <--> 9(20) 		1
10(18) <--> 10(21) 		4
11(19) <--> 11(22) 		1
12(20) <--> 12(23) 		4
13(21) <--> 13(24) 		4
14(22) <--> 14(25) 		4
15(23) <--> 15(26) 		4
16(24) <--> 16(27) 		2
17(25) <--> 17(28) 		1
18(26) <--> 18(29) 		1
19(27) <--> 19(30) 		4
20(28) <--> 20(31) 		1
21(29) <--> 21(32) 		4
22(30) <--> 22(33) 		2
23(31) <--> 23(34) 		4
24(32) <--> 24(35) 		4
25(33) <--> 25(36) 		4
26(34) <--> 26(37) 		4
27(35) <--> 27(38) 		4
28(36) <--> 28(39) 		1
29(37) <--> 29(40) 		1
30(38) <--> 30(41) 		4
31(39) <--> 31(42) 		4
32(40) <--> 32(43) 		4
33(41) <--> 33(44) 		2
34(42) <--> 34(45) 		4
35(43) <--> 35(46) 		1
36(44) <--> 36(47) 		4
37(45) <--> 37(48) 		4
38(46) <--> 38(49) 		4
39(47) <--> 39(50) 		4
40(48) <--> 40(51) 		4
41(49) <--> 41(52) 		2
42(50) <--> 42(53) 		2
43(51) <--> 43(54) 		4
44(52) <--> 44(55) 		1
45(53) <--> 45(56) 		4
46(54) <--> 46(58) 		4
47(55) <--> 47(59) 		4
48(56) <--> 48(60) 		4
53(57) <--> 53(65) 		2
49(58) <--> 49(61) 		1
50(59) <--> 50(62) 		2
51(60) <--> 51(63) 		4
52(61) <--> 52(64) 		4
54(62) <--> 54(66) 		2
55(63) <--> 55(67) 		4
56(64) <--> 56(68) 		2
57(65) <--> 57(69) 		2
58(66) <--> 58(70) 		2
59(67) <--> 59(71) 		1
60(68) <--> 60(72) 		2
61(69) <--> 61(73) 		2
62(70) <--> 62(57) 		4
63(71) <--> 63(74) 		2
64(72) <--> 64(75) 		2
65(73) <--> 65(76) 		4
66(74) <--> 66(77) 		2
67(75) <--> 67(78) 		3
68(76) <--> 68(79) 		4
69(77) <--> 69(80) 		4
70(78) <--> 70(81) 		4
71(79) <--> 71(82) 		4
72(80) <--> 72(83) 		4
73(81) <--> 73(84) 		4
74(82) <--> 74(85) 		4
75(83) <--> 75(86) 		1
76(84) <--> 76(87) 		1
77(85) <--> 77(88) 		4
78(86) <--> 78(89) 		4
79(87) <--> 79(90) 		4
80(88) <--> 80(91) 		1
81(89) <--> 81(92) 		1
82(90) <--> 82(93) 		1
83(91) <--> 83(94) 		4
84(92) <--> 84(95) 		4
85(93) <--> 85(96) 		4
86(94) <--> 86(97) 		4
87(95) <--> 87(98) 		1
88(96) <--> 88(99) 		4

The number of matches records: 90
-----------------------------------
